ἒ
v ‘159 · . ι
. ⁸ .-
A) Tmpe‘ratures re'duites pour chaque dixaine de jour-5.

Tab. VI. Turum-inruat DE LA ’11101111 ἐι 21 Pmns 41]-011330113 nu sol..

malunt.

 

1838 1839 1840 1841 1842 1843 1844 1838-411842-44 7351511118

--*

san. 1--10 1,12 030 135 033 1,77 135 133 030 135 1,17
11-20 034 -032 1,11 032 137 131 1,οο 031 1,22 037

,ἮΠΒΝΝΕΒ - ι

 

 

 

21-30-0,47 -0,43 133 033 1,17 133 035 Ἷιο,13 135 035
1011. 31-0 -1,72-130 037 0,14 131 137 035 -0,43· 033 -1-0,10
10-10 -3,52 -033 033 ,0,01 0,οο 033 035 -133 0,40 -0,41
20-1 -434 -137 0,70 ,037 035 030 -0,47 -130 1033 ·035
nats 2-11 -332 -1,73 033 -0,15 034 -035 -0,72 -137 ,034 -0,75
12-21 -133 -1,70 037 033 034 -0,15 -035 -031 Ἰ1034 -0,47
22-31 -133 -1,15 0,40 0,17 130 -032 -0,43 -033 031 -031
411. 1-10 -1,41-0,73 037 0,21 130 0,15 035 ·0,30 037 -1-037 ·
11-20-0,74-0,11 1,40 0,74 431 0,17 1,53 4-035 130 137 v
21-30 -0,20 -033 535 533 737 2,12 533 235 434 330
1141 1-10 0,45 0,73 333 3,1310,20 233 337 4,44 733 530
11-20 1,54 432 34210 031030 3,411035 530 0,75 731
21-31 5341035 03015331230 3321134 1030 1135 1033
14111 1-10 0351135 1333153214,75 0,7211,72 12,74 1237 12,45
11-2013351331 14,0714,5515,1413,511231 1432 1335 1333
21-3013301535 14,4515,2014,70143012,10 1435 13,75 1433
sunl. 1-1015,4315,15 14301530153*15,151135 1535 1437 15,10
11-2015,4413,50 15,0015,11 153* 13301235 1535 15,73 1530
21-31 1531 1334 15351535153* 1531 1331 1534 1434 1535
4551 1-10 15341332 15,1315,4315,4*15,71 1334 1534 1535 1535
11-2015001733*15,53153317,1* 13331430 1534 1530 1531 ³·
21-31 1334 15,14*15,1315,5015,5’ 1031 1434 15,45 1733 15,15
sept. 1-1013,4315,05 15331435153415351530 1430 1533 15,17
11-2013,1213,23 123313311334143014,οι 13,12 1431 1330
21-3012301134 11,4310,2011,11 11331132 1134 1137 1132
oct„ 1-1010,5010,10 0,77 033 330 3,40 3,75 1033 3,44 035
11-20 733 033 733 3,05 733 530 7,15 335 5,70 731
21-31 5,47 731 435 535 531 435 5,45 5,07 534 533
Νον. 1-10 5,15 4,10 5,50 435 431 5,75 435 535 434 530
11-20 434 434 431 3,20 3,70 433 331 4,10 3,73 432
21-30 234 334 237 2,37 2,17 231 2,44 2,55 231 230
nec. 1-10 133 2,10 2,41 2,31 131 2,41 133 2,οο 233 235
11-20 031 130 1,οο 2,34 2,10 135 1,47 1,70 1,77 1,73
21-31 031 1,42 1,20 2,77 2,15 132 1,10 130 1,55 1,53

Note. 1.oe 1101110105 1041111105 avec de vasten-isque 5001 1010100105ςο5111 les 10015 sumet 01 Aom, 0011114111
Ι’4111160 1842, 00110 incorporation 50 sumit α’40105 105 100γο0005 1000511οΙ105 dont ies 14101115 00111ςέ05 1ἱ’41’415
01041411101110111 0410111005, 00 0100101401 105 formulas 11511005 de Sinus et (30510115. 0000011001, 00 considerant 14
nol-renue extraordinnire 1111 ciel 01 Ι4 temper-amre 010100 de 1’411 00011401 10 mois Anat, je crois que 105 110111-
bre· 11011105 soient 110 0011 trop grands pour 10 premier 01 110 0011 1100 00111 00111 10 dernier 1105 deux mom
111415 l'influenee qui 00 00111 resultet 5111 105 1110ςο00οσ generales doit 0110 1050051010.

