 

188

Tab. XVI. Tmfinwnr. ma LA munt. . ὲ 4 Pmns ,ιο-5888068 nu sor„

 

minuunt omum. nomm

    

 

Mmg 1838 1839 1840 1841 1842 1843 1844 1845 .

   
   
 
   
    

 

 

samer .. 9,·»59 1,⁰91 2‚⁰8¹ 2‚⁰66 3,⁰05 3,⁰12 9,·»88 9,·»55 9,ο5οο 2,⁰88 μω,

F8vr¹er . .

Mars
Avrss

0,180,601,7,41372,01 141110146 0973

   
   
   

 

   

    

Μ31,,.,0672576767307685056855114325

Jnln.... 8,,,,,30982105911811559,54

sumet. ,,12 6913, 6812, 6512, 8913, 49 12, 76 , ,

140111. ,,13 2714, 8513, 5713, 7214, 21 14, 51 13, 25 13, 55 13, 878 13, 887 13 883

13, 6612, 77 11, 93 12, 543 12, 93512; 739

8, 47 9, 131 8, 74 9, 430 8, 880 9,155
6,19 5, 74 5, 41 6, 040 5, 775 5 908
3, 90 3, 43 3, 67 3, 725 3 68 3 707

6,845 6,727 6,545 6,630 6,805 6,762

Septembre. 12, 26 12, 77 12, 48 12, 66 13, 38
octobre .. 9, 3610, 12 8 96 9, 23 9,18
Novembre . 6, 20 6, 30 6, 01 5, 65 5, 77
Decembre . 3 84 3 78 4, 09 3, 75

nomn: 5,870 6,534 6,991 7,126 7,469

    

 

   

 

 

Tab. XVII. Tmen-rm mc LA mu, ὲ 6 ans ,ιο-6888068 nu 801..

*ῇ-ῄ--Ῐ--Μ
nors 1838 1889 1840 1841 1849 1848 1844 1845 α--Λ-

Janvier . . 4,003 3,054 4,015 4,003 4,030 4, 039 4,010 3 ,078 3 ,0938 4,0143 4,0041
19677191· . . 2, 62 3, 43 3,13 3, 45 3, 42 3,17 2, 96 2, 940 3, 250 3, 095
Mars . . . 1, 52 1, 97 2, 82 2, 44 2, 95 2, 73 2, 36 2, 41 2,188 2, 613 2, 401
ΑΠΙΙ . . , 1, 21 1, 52 2, 62 2, 20 3, 31 2,19 2, 24 2, 07 1,, ,
Mal . . . . 1, 30 2, 25 5, 41 6, 00 6, 14 4, 19 5, 43 4, 25 3, 740 4, 992 4, 367

  
   
   

 

 
 
 
 
 
 
 
 
 
 
     

Jnlu.... 5,817,238,4Ι9,,579417,,,658198417,730 8,,4158073
sufflet . . . 9, 92 10, 7910, 5611, 2411, 5510, 61 10, 3310, 64 10, 628
Aom .. . 11, 50 12, 4111, 8112, 1912, 7112, 3411, 7412, 05 11, 998

 

 

0515515.. 9, 981ο’ 45 9‚82 9, 7 ω’ 59 9, 78 9,78 9.55 9.998 9ζ798 ζ
novembre. 7 48 7’94 7’94 7, 98 7’ 58 7, 97 7,ο5 5, 75 8455 7,188 7895

5’0825-81513’128588527 5Ξ,84491Ι5,-5515,818 5,,1485999
5990 5555 5945 7111 7489 5889 5787 5594 5551 5,988 5799

 

 

 

Decembre .

1

