 

nats. . . -5, 06 ·7, 43 -1, 75 -0, 75 -,0 00 ·2, 33 -5, 00 -,5 87 -3, 747
Avrss... -0,72 0, 00 5,74 4, 41 3, 77 132 5,17 3, 26 2,373 ,
Hah... 7711137 6,9212551219 6771090 7,14996359,338
,111111 . . . 14, 50 14, 90 14, 02 14,18
sumet . . 16, 66 18, 19 14, 86 14, 40 14, 55 17, 05
Amic. . . 13, 80 14, 98 15, 19 15, 57 18, 33 18,16
Septembre 12, 78 11, 71 11, 82 10, 10 10, 08 11,08
octobre . 4, 44 6, 84 3, 88 4, 62 4, 51 3, 05
Novembre -1, 39 0, 26 0, 51 -1, 22 -2, 01 1, 52

167

Tab. XIV. Monmnns mensuetus nr. u mmmmm 1111 131111.

  
 

   
   

 
 

 
 

1838-41

. . - , ·4,⁰91 -3,095 -7, 004 -3, 012 -1,017 -5, 083 -1,005 -0,0425
Fevrier. . 12, 81 -4, 09 -3, 22 -,0 80 ·0, 18 4, 81 -,11 50 -10, 01 -0, 729

1842-45

-2,0793 ·
-0, 039 -
-3, 299 -

 

 

 

 

 

13 71 13, 30 12, 87 15, 71 14, 505 13, 898

 

 

0666111576 Ι -1, 81 ·4, 05 -5‚ 5¹4 1, 22 1, 64 0, 67 -5, 21 -2, 84 -2, 547 ·1, 4341 -1, 661
nonunt 3,341 4,876 4,953 5,131 63151 5,450 3,836 4,806 4,575 5,078 4,826
011 11’3 qu’ssx jeter un coup d'oeil sur 13 table precedente pour voir
que les plus grands ecarts entre les moyennes mensuelles se trouvent en
Fevrier et les plus petits en Juin; dans les mois de Juillet et d'Aofit ils sont
aussi tres considerables. 11 sera interessant de voir si 13 meme chose aura

lieu aussi avec les temperatures de 13 terre, 3 quoi 116113 31116113 1666331611
de revenit dans 13 suite.

 

Tab. XV. Taunum-unt: 113 LA 11111116, 3 2,1 mens Au-nssssous nu 361..

 

     
     

 
 
 
 
 

   
  

 
 
  
  

 
 
 
 

novenae
11113
1838-41 1842-44 7111311113

,131111161- . . 0,040 -0, 006 1,015 0,074 1,040 1,040 1,003 0,0558 1,0277 0‚⁰800
Fevrier .. 3, 29 -1, 08 0, 85 -0, 27 0, 95 0, 67 -Ο, 02 -0, 948 -0,313
Mars -,233-1,,,53037001 0,990,18-0,6 -,0870 -0,467
ΑνηΙ...·078-0,272702114,,,39082224 0,935 1,598
4131..,, 254 609891114711,140,,75102 7,003 8,023
suin . , , , 12, 4013, 8014, 2515, 2914, 9212, 51 12, 07 13, 935 13, 606
sumet . 16, 1217, 62153215 2215, 54 16, 7912, 77 16, 070 15, 626
Αοῇῐ , , , 14, 9517, 2315, 6415, 5916, 6718, 4014, 26 15, 853 10,105
septembre 13, 1513, 4213, 0812, 82 13, 4014, 1813, 94 13, 120 13, 429
octobre , , 7,16 6, 02 7, 25 7, 36 7, 31 11,11 7, 46 7, 630
Novembre. 4, 35 3, 81 4, 36 3, 34 3, 49 4, 33 3, 40 3, 965
Decembre . Ο, 78 1, 71 1, 83 2, 81 2, 05 1, 80 1, 51 1, 783

5,548 0,520 7,149 7,293 7,088 0,905 0,528 0,029

11013 1838 1839 1840 1841 1842 1843 1844 Pmoun

 

 

 

 

 

 

        
   
     
   
       
    

7, 543
3, 809
1, 785

     

    

13, 61 17, 76 16, 02315, 302 15, 615
14, 71 15, 5514, 33416312 15. 343
11, 67 16, 54 11, 00310,661 11,147
5, 55 3, 62 4,646 4, 232 4. 614
-1, 08 2, 27 -0, 453 0, 173 -0, 230

