152

Tab. IX. Tmen-rm nn u 'rma 4 1⁰ rums au-nzssons nu sor..

93111995 notamus
w DES

1838 1839 1840 1841 1842 1843 1844 1845 1838-411842-45

samer ·· 5,33 5,19 5,51 5,37 5,53 5,54 5,57 5,31 5,34 5,51
5,99 5,53 5,12 5,94 5,27 5,39 5,22 9,99 5,93 5,22

 
    
  

  

     

 

 

5,59 5,39 5,73 5,75 , 5,12 5,35 5,53 5,52 5,33
rev-ner ·· 5,33 5,91 5,49 5,43 , 5,75 5,55 5,35 5,32 5,53
5,91 4,79 5,25 513 , 5,31 5,23 5,95 5,ο4 5,24
4,54 4,44 4,99 4,91 ,· 5,23 4,95 4,3·2 4,75 5,95
Mus 4,29 4,22 4,72 4,55 , · 5,93 4,75 4,53 4,47 4,33

4,51 4,23
4,35 4,95

4,79
4,43

4,93 3,93 4,44 4,45 ,
3,77 3,75 4,37 4,34 ,

4,35 4,59
4,55 4,43

 

Avrn 3,59 3,57 4,13 4,19 , 4,23 4,19 4,11 3,33 4,25
3,37 3,41 4,19 4,12 , 4,12 4,93 3,89 3,75 4,19
3,22 3,24 4,93 4,99 , 4,92 3,94 3,74 3,52 4,93
Mat , , , , 3,15 3,15 4,21 4,15 , 3,92 4,17 3,77 3,57 4,12.
3,97 3,95 4,55 4,55 , 4,13 4,55 3,99 3,33 4,42
3,95 3,22 4,95 5,95 , 4,53 4,99 4,43 4,19 4,35
sum.. .. 3,37 3,33 5,44 5,73 , 5,95 5,57 5,92 1,51 5,40
4,08 4,54 5,91 5,53 , 5,55 5,15 5,57 5,33 5,99
4,91 5,49 5,53 7,34 , 5,12 5,55 9,41) 5,11 552
sumet... 5,31 5,25 7,32 7,33 , ¹· 5,35 7,25 7,95 5,32 7,25
5,74 7,17 7,35 3,33 , · 7,52 7,33 7,53 7,53 7,33
7,59 7,39 3,43 3,74 , · 3,99 3,33 851 3,14 3,43

,4591 . . . 3,95 3,73 3,92 9,19 * 3,71 335
3,53 9,33* 9,22 9,44 9,77* 9,23 9,27 9,33 9,13 9,49
9,99 9,75* 9,43 9,7719,99 9,77 9,55 9,57 9,59 9,39
septembre. 9,23 9,95 9,,79191 19,31 19,19 9,93 9,93 9,79 19,99
9,,471993 19,,,9219231974 19,,,5519171094 9,95 19,33
9551914 19,,,9319391972 19,5,5192219,97 19,92 19,42
octobre . 9,5419,12 9,9,2191519,53 19,,54ιοι3 9,32 9,95 19,25
9,52 9,95 9,79 9,9719,2719,92 9,92 9,53 9,33 9,94
9,97 9,53 9,53 9,32 9,55 9,59
9,51 9,219,218,91 9,15 9,21
9,93 3,75 3,73 8,49 3,71 3,73
3,59 3’39 3,25 8,92 3,27 3,27
7,99 7’39 7,54 7,51 7,73 7,74

3,39 3,79 3,97

9’ ,38 9, 71 9, 45 9, ’97
Ν975111915.8,92 9, 42 9,03 9,28
8’ ,49 9’ ,99 8,43 8,83
8’ 19 8, ’47 8, 09 8, 39
Decembre. 7 ’93 7, ’88 7, 72 7 ,88

7,12 7,39 7,27 7,37 7,44 7,42 7,93 7,95 7,29 7,25
5,53 5’93 5,73 5ζ97 5,97 7,95 5,55 954 5,32 5,33

Voyez 1⁸ note de 15 Tnb. VI.

